1 
1 
1 
1 
1 10 23 56 123 
1 
1 5 6 9 10 12 18 19 23 29 40 44 45 46 47 48 49 56 57 58 59 64 68 69 74 75 80 81 83 96 97 100 104 105 106 109 110 111 113 121 123 124 125 127 128 130 134 135 136 144 145 147 153 
1 30 44 46 58 59 69 76 77 78 80 81 92 94 95 104 109 111 124 138 144 
1 6 9 12 18 19 23 27 29 30 37 40 42 44 45 46 47 48 49 56 57 58 64 69 76 77 78 80 81 82 92 94 95 96 97 100 104 105 109 110 111 113 121 123 124 125 127 130 134 135 136 144 145 153 
1 
1 5 6 9 10 11 12 18 19 22 23 24 29 40 41 42 44 45 46 47 48 49 50 56 57 58 59 64 68 69 74 75 76 77 80 81 83 92 94 95 96 97 100 104 105 106 109 110 111 113 121 123 124 125 127 128 130 134 135 136 144 145 147 153 
1 
1 
1 29 47 110 144 
1 12 18 49 
1 5 29 46 48 56 74 100 105 121 
1 5 6 10 13 18 19 23 24 27 36 40 41 44 45 46 47 48 50 56 57 58 64 68 69 74 75 80 81 96 97 100 104 105 106 109 110 113 121 123 125 127 130 134 135 136 140 144 145 153 
1 10 18 23 27 123 
1 56 
1 5 6 9 10 13 18 19 23 27 40 41 42 44 45 46 47 56 57 59 64 66 68 69 74 75 83 96 97 104 105 109 110 111 121 123 125 127 128 130 134 135 140 144 145 153 
1 144 
1 
1 47 144 
1 
1 
1 5 59 111 121 123 
1 5 12 57 110 127 136 144 153 
1 10 11 29 45 110 123 134 136 144 145 151 
1 18 29 42 45 46 47 57 109 110 144 
1 
1 
1 
1 9 10 12 18 19 22 23 29 40 42 44 45 46 47 48 49 50 56 57 58 59 64 68 69 75 80 81 96 100 105 109 110 111 113 121 123 124 125 127 128 130 134 135 136 144 145 146 147 153 
1 9 10 12 18 19 22 23 27 40 44 45 47 48 49 50 56 57 64 68 69 75 96 100 110 113 121 123 125 127 128 130 134 135 136 144 145 146 147 
1 46 48 69 100 
1 5 6 9 10 11 12 13 18 19 22 23 24 27 29 37 40 41 42 44 45 46 47 48 49 50 56 57 58 59 64 66 68 69 74 75 80 81 82 83 87 93 96 97 100 104 106 109 110 111 113 121 123 124 125 127 128 130 134 135 136 138 140 142 144 145 146 147 153 
1 57 
1 13 18 27 48 56 81 83 100 109 113 142 
1 
1 12 18 19 42 45 56 64 75 104 121 123 128 136 144 146 
1 10 12 18 19 23 42 44 45 47 56 57 64 75 80 81 104 109 110 111 136 144 
1 12 18 45 144 
1 12 42 45 59 109 121 125 130 144 
1 10 11 12 18 23 27 37 38 40 45 46 47 48 56 65 69 74 82 93 98 100 105 109 110 121 123 124 126 130 138 140 142 145 151 
1 
1 12 18 46 47 49 58 69 80 81 104 105 109 121 124 130 142 145 
1 5 6 12 47 80 81 89 104 109 111 124 147 
1 37 
1 6 10 45 47 69 105 106 109 121 144 145 147 
1 
1 42 
1 6 9 10 11 12 13 18 19 22 23 24 27 29 30 37 40 41 42 44 45 46 47 49 50 56 57 58 59 64 66 68 69 74 80 81 82 83 93 96 97 100 104 109 110 111 113 121 123 124 125 127 128 130 135 136 140 144 145 146 147 153 
1 151 
1 
1 10 50 110 135 
1 9 10 12 18 22 23 29 40 41 42 45 47 48 49 50 56 64 68 69 74 81 87 93 96 100 109 110 111 113 123 124 125 127 128 130 135 136 144 145 147 153 
1 46 105 
1 6 10 42 45 46 69 96 100 110 124 125 135 153 
1 29 100 111 
1 
1 9 10 11 12 13 14 23 24 27 29 30 37 38 41 42 45 47 56 57 58 64 65 66 74 76 77 78 80 81 82 94 95 96 98 109 110 111 121 123 125 126 130 134 138 140 144 145 147 151 153 
1 136 
1 
1 9 10 40 45 46 47 49 56 59 81 104 106 109 110 121 123 130 136 144 146 153 
1 18 59 124 
1 
1 12 18 40 47 69 110 123 127 130 144 
1 59 144 
1 47 
1 12 18 29 45 46 49 64 81 109 110 111 127 135 136 144 
1 
1 18 23 42 56 109 121 123 124 125 130 144 
1 23 24 40 42 44 45 46 47 50 56 59 64 74 75 80 81 82 83 96 104 109 110 123 130 136 144 145 146 147 153 
1 
1 18 19 29 40 45 46 47 49 69 81 82 109 110 111 121 127 130 135 144 145 
1 10 11 12 27 41 42 44 50 59 66 69 74 75 80 83 93 113 138 140 
1 6 69 82 109 
1 45 47 49 106 109 147 
1 12 18 19 22 29 45 47 50 56 87 97 104 110 121 123 125 127 134 136 144 146 
1 75 
1 110 144 153 
1 
1 5 6 9 12 23 42 45 47 104 105 109 110 123 144 145 147 
1 6 9 10 12 18 19 22 23 24 29 37 40 42 44 45 46 47 48 49 56 57 58 59 66 74 75 80 81 82 95 96 100 104 106 109 110 111 113 121 123 125 127 130 134 135 136 144 145 146 147 153 
1 
1 
1 29 56 
1 6 
1 5 11 145 151 
1 
1 10 18 19 23 42 44 46 47 56 97 136 144 153 
1 
1 9 10 18 19 42 45 46 56 110 113 136 144 
1 12 42 45 46 47 48 59 69 75 83 96 100 105 109 110 125 135 144 
1 27 121 
1 109 
1 96 145 
1 10 12 18 19 23 29 38 57 66 123 130 134 
1 
1 109 
1 
1 10 23 40 44 45 46 56 80 81 123 130 144 145 
1 
1 
1 6 45 
1 45 
1 65 
1 
1 6 19 42 47 69 75 
1 18 69 
1 10 12 18 23 42 44 45 75 110 136 144 
1 
1 
1 47 144 
1 
1 
1 136 
1 
1 
1 97 104 136 
1 
1 12 22 23 59 96 121 
1 104 
1 49 56 127 
1 56 123 135 
1 10 64 96 134 
1 56 110 
1 10 110 
1 6 75 96 144 153 
1 45 109 125 
1 104 
1 57 
1 5 10 22 45 47 97 104 121 123 127 144 145 
1 30 56 58 100 111 123 
1 
1 
1 47 
1 5 10 11 13 19 40 45 50 66 74 82 83 97 104 113 145 147 
1 
1 12 24 40 49 82 108 109 136 139 
1 
1 19 45 59 93 97 
1 
1 6 19 
1 69 97 110 
1 
1 80 110 145 
1 6 12 23 24 36 37 45 53 59 71 82 83 86 87 89 104 108 113 136 139 143 144 145 152 
1 
1 
1 10 11 12 14 18 19 23 27 30 38 40 41 45 47 48 56 57 58 64 65 66 74 76 77 78 80 81 92 93 94 95 96 100 109 110 111 123 125 126 127 130 134 135 140 145 147 153 
1 6 19 69 121 
1 
1 82 87 144 
1 23 42 47 48 56 57 75 78 80 81 96 100 105 110 125 130 144 
1 6 9 10 18 69 110 146 147 
1 127 
1 45 47 57 81 109 110 143 153 
1 45 109 
1 
1 45 110 136 
1 
1 
1 23 49 53 56 121 
1 38 109 
1 10 29 47 57 109 128 144 
1 78 80 81 96 110 144 
1 5 
1 
1 
1 
1 
1 
1 
1 29 109 127 
1 
1 
1 
1 
1 
1 
1 
1 10 45 49 109 147 
1 6 12 18 59 110 113 135 144 146 147 153 
1 
1 
1 
1 
1 
1 
1 
1 
1 145 
1 
1 5 19 44 45 46 49 57 58 69 76 92 94 95 97 104 105 109 111 121 123 124 127 
1 
1 47 
1 
1 105 
1 
1 57 
1 
1 
1 
1 
1 
1 144 
1 105 
1 147 
1 
1 64 110 134 144 153 
1 
1 
1 
1 82 
1 
1 10 12 144 
1 
1 6 
1 38 
1 
1 46 
1 12 23 47 
1 18 23 40 44 45 49 56 123 130 144 
1 
1 22 44 45 47 57 64 81 96 109 110 111 125 127 135 
1 
1 45 47 59 100 121 
1 49 96 125 135 153 
1 5 13 18 41 75 123 
1 
1 42 46 50 75 105 109 110 113 125 134 136 145 
1 
1 24 45 49 66 89 
5 29 69 80 81 139 
5 47 49 81 94 104 109 111 
5 
5 48 80 81 95 100 109 111 145 
5 19 46 57 97 104 105 121 136 
5 19 46 57 104 105 121 136 
5 12 18 23 40 46 49 56 69 121 123 124 130 136 144 145 
5 
5 83 97 104 130 144 
5 9 45 49 69 78 81 85 94 95 108 109 142 147 
5 6 75 104 105 145 
5 6 29 46 57 59 69 75 81 97 104 123 125 127 136 144 
5 
5 97 
5 6 29 46 57 59 69 75 81 97 104 123 125 127 136 144 
5 46 59 97 104 144 
5 
5 11 74 77 80 136 
5 80 81 100 136 
5 59 111 
5 13 38 65 66 98 138 
5 
5 6 19 97 
5 
5 
5 
5 
5 19 49 97 104 105 121 
5 
5 
5 
5 57 97 
5 
5 
5 
5 
5 
5 6 12 13 18 19 27 40 41 45 46 47 56 74 83 93 100 113 121 123 138 140 
5 23 29 40 45 47 59 82 104 113 
5 97 
5 
5 
5 
5 
5 83 
5 97 
5 97 
5 6 97 
5 
5 
5 
5 
5 45 110 
5 
5 
5 
5 110 
5 6 97 106 124 136 
5 49 
5 
5 
5 
5 
5 9 126 146 
5 
5 
5 
5 
5 19 47 57 113 
5 41 96 
5 47 
5 
5 
5 59 
5 22 104 
5 
6 
6 
6 
6 9 23 45 135 147 
6 123 136 
6 
6 9 10 56 121 123 124 127 130 143 144 
6 13 24 125 
6 18 59 123 
6 10 42 110 113 
6 23 41 42 46 47 56 75 125 130 144 145 
6 
6 13 24 41 42 47 66 75 86 87 146 
6 
6 11 13 24 27 37 41 49 66 74 82 87 93 138 140 146 
6 
6 
6 
6 69 76 77 78 92 94 95 96 125 135 
6 
6 
6 
6 
6 
6 
6 
6 13 105 
6 
6 
6 38 
6 69 
6 
6 105 
6 
6 
6 
6 
6 
6 96 138 
6 
6 
6 
6 
6 
6 
6 125 
6 
6 
6 
6 
6 
6 
6 
6 
6 
6 29 
6 
6 
6 18 
6 68 127 140 144 145 
6 
6 
6 
6 
6 
6 
6 
6 
6 
6 74 
6 
6 
6 
6 
6 
6 
6 
6 
6 
6 
6 
6 
6 
6 111 136 144 
9 
9 10 11 12 13 14 18 23 24 27 36 37 38 41 44 45 50 53 56 64 65 66 68 71 74 82 85 86 87 89 93 96 98 108 110 113 125 126 128 130 134 135 138 139 140 142 143 145 146 147 151 152 153 
9 10 11 12 13 14 18 23 24 27 36 37 38 41 44 45 50 53 56 64 65 66 68 71 74 82 85 86 87 89 93 96 98 108 110 113 125 126 128 130 134 135 138 139 140 142 143 145 146 147 151 152 153 
9 10 11 12 13 14 18 23 24 27 36 37 38 41 44 45 50 53 56 64 65 66 68 71 74 82 85 86 87 89 93 96 98 108 110 113 125 126 128 130 134 135 138 139 140 142 143 145 146 147 151 152 153 
9 
9 10 11 12 13 14 18 23 24 27 36 37 38 41 44 45 50 53 56 64 65 66 68 71 74 82 85 86 87 89 93 96 98 108 110 113 125 126 128 130 134 135 138 139 140 142 143 145 146 147 151 152 153 
9 23 44 128 146 
9 10 12 23 45 96 97 110 125 128 129 146 147 153 
9 23 110 129 146 
9 10 11 12 13 14 18 23 24 36 44 45 56 64 65 66 68 74 85 87 89 93 108 110 123 126 130 134 138 142 144 151 153 
9 23 144 
9 129 146 
9 10 23 40 74 96 125 135 147 
9 10 12 18 23 40 41 45 56 66 74 83 93 96 113 125 128 130 135 145 146 147 153 
9 18 37 40 113 128 146 147 
9 23 24 29 36 37 40 53 64 71 82 83 85 86 87 89 108 113 139 143 147 152 
9 12 19 23 24 37 42 71 75 82 83 85 87 108 113 139 143 144 146 147 152 
9 42 105 143 
9 24 40 46 56 57 105 121 123 130 
9 10 12 18 19 23 45 56 58 68 74 110 123 125 127 130 134 144 145 146 147 153 
9 
9 135 
9 24 29 40 47 56 87 130 146 
9 40 42 45 110 144 146 
9 10 23 40 47 58 59 87 100 123 136 146 
9 147 
9 12 29 45 50 56 110 
9 11 13 18 19 23 27 40 42 48 50 56 75 81 93 96 97 105 109 110 111 113 121 123 124 125 130 135 136 145 146 147 
9 10 11 59 83 113 138 145 146 
10 37 
10 64 97 134 
10 45 68 109 
10 
10 19 44 
10 
10 
10 45 56 68 153 
10 
10 14 23 37 47 71 75 87 98 108 109 110 123 144 147 
10 
10 
10 
10 
10 
10 
10 19 147 
10 
10 
10 68 135 153 
10 144 
10 18 23 29 40 42 45 56 59 109 110 111 121 125 136 
10 18 121 
10 12 18 23 29 40 47 56 59 74 96 100 109 110 121 124 125 135 136 147 153 
10 12 18 23 29 44 45 47 48 59 83 100 109 110 111 123 135 136 144 145 153 
10 12 80 96 125 147 153 
10 44 45 134 
10 
10 45 
10 45 75 110 130 135 145 
10 144 153 
10 45 110 136 144 
10 40 44 123 144 153 
10 81 
10 
10 
10 30 58 97 104 110 127 144 153 
10 18 
10 97 127 
10 
10 
10 
10 109 136 
10 64 134 
10 12 42 45 64 109 110 136 
10 
10 
10 97 
10 29 45 47 109 110 123 124 136 144 145 153 
10 
10 
10 12 
10 110 111 
10 
10 47 110 135 147 153 
10 110 
10 36 71 85 86 89 108 139 143 146 152 
10 13 23 49 56 64 83 110 113 130 134 135 
10 136 
10 
10 59 
10 58 
10 
10 19 
10 
10 
10 
11 
11 
11 12 13 14 24 27 37 38 41 65 66 74 82 93 95 98 109 126 130 136 138 140 142 145 151 
11 13 14 24 27 37 38 41 65 66 74 82 93 98 126 138 139 140 142 151 
11 18 37 
11 12 13 14 18 22 23 24 27 36 37 38 41 50 53 56 65 66 71 74 83 85 86 87 89 93 98 104 108 113 126 130 138 139 142 143 145 146 147 151 152 
11 13 14 24 27 36 37 38 41 53 65 66 69 71 74 82 83 85 86 87 89 93 98 108 126 138 139 140 142 143 151 152 
11 45 
11 
11 
11 30 40 44 58 110 
11 
11 
11 100 
11 
11 
11 
11 
11 12 13 24 27 37 41 45 66 74 82 87 93 109 138 140 146 
11 14 18 24 27 37 38 41 65 74 98 126 138 145 151 
11 12 13 14 18 24 27 37 38 41 65 74 98 126 138 145 151 
11 27 40 47 74 110 123 145 
11 93 123 140 
11 29 50 64 66 74 93 123 
11 18 23 29 41 64 
11 
11 
11 
11 12 13 23 27 40 41 45 56 74 82 93 96 109 110 125 127 135 136 144 145 153 
12 59 
12 
12 
12 
12 18 22 66 82 110 128 
12 27 47 50 64 104 123 125 144 145 
12 18 23 45 56 64 123 144 145 
12 13 23 24 37 41 45 56 98 110 123 126 130 138 145 151 
12 121 
12 
12 18 23 40 45 110 123 130 
12 18 23 56 145 
12 23 56 80 130 
12 23 49 81 109 130 136 
12 
12 109 110 
12 18 74 110 130 
12 104 
12 13 23 56 106 138 145 
12 
12 110 
12 
12 110 
12 97 145 
12 23 123 
12 45 110 144 
12 27 45 47 81 110 136 144 
12 
12 
12 13 27 93 123 130 145 
12 45 136 
12 144 
12 
12 136 
12 
12 
12 
12 
13 56 
13 42 56 75 87 110 
13 
13 66 135 
13 23 36 46 49 53 56 83 105 113 130 139 142 145 
13 24 37 41 56 64 98 126 130 138 140 145 151 
13 37 45 49 50 56 83 86 95 109 113 127 144 145 
13 
13 
13 14 24 27 37 41 65 66 74 82 93 98 126 138 140 142 151 
13 56 
13 56 
13 
13 
13 56 93 106 109 144 146 151 
13 14 24 66 
13 
13 
13 
13 
13 
13 
13 110 
13 47 104 136 
13 
13 23 24 36 37 53 71 82 83 86 110 113 139 146 147 
13 80 
13 19 57 97 109 
13 
13 19 24 110 111 130 
13 
13 14 23 47 53 140 145 151 
13 
13 
13 18 23 24 36 37 45 53 71 81 85 87 89 108 109 152 
13 
14 23 
14 
14 
14 
14 144 
14 
14 
14 23 97 
14 23 97 
14 22 
14 23 
14 97 
14 18 40 47 48 58 65 66 80 82 92 93 100 109 111 123 
14 
18 
18 
18 
18 40 64 123 130 144 
18 23 45 56 110 
18 45 56 145 
18 42 45 56 57 74 85 109 
18 69 121 
18 135 136 
18 153 
18 
18 40 109 136 144 153 
18 45 110 130 144 
18 111 123 136 
18 66 110 
18 
18 109 110 144 
18 47 
18 109 121 130 
18 
18 23 29 40 45 47 56 109 110 123 127 136 144 
18 110 144 
18 
18 100 121 
18 23 29 40 45 47 56 109 110 123 127 136 144 
18 48 76 77 80 121 124 127 
18 56 109 110 
18 145 
18 
18 45 136 
18 
18 110 
18 
18 
18 109 
18 27 
18 23 
18 
18 23 27 40 41 83 87 110 113 142 
18 
18 
18 44 57 127 
18 22 23 97 104 127 136 
18 
18 109 
18 
18 40 110 130 
18 
18 
18 56 
18 44 
18 
18 
18 
18 
18 
18 
18 29 46 48 83 100 105 113 130 142 144 
18 
18 
18 127 
18 59 97 
18 80 81 130 144 
18 
18 38 125 140 144 146 
18 27 29 44 50 64 93 97 134 
18 
18 
18 44 
18 105 
18 105 
18 47 105 
18 
18 40 
18 
18 136 
18 
18 22 27 44 45 53 71 74 86 96 98 125 127 128 135 139 143 145 147 
18 
18 144 
18 110 
19 
19 
19 49 
19 
19 46 104 105 121 136 
19 57 97 
19 23 57 97 
19 57 
19 80 
19 
19 82 110 123 
19 46 105 
19 
19 
19 
19 23 
19 
19 
19 110 
19 136 
19 46 47 83 113 144 
19 45 47 57 104 110 
22 
22 
22 
22 98 
22 44 56 128 134 
22 
22 
22 96 127 144 
22 
22 144 
23 
23 29 44 46 50 71 108 113 144 
23 50 89 108 113 
23 
23 45 109 110 136 
23 56 127 
23 59 144 
23 45 
23 109 110 130 
23 36 86 125 135 139 
23 87 
23 87 
23 36 49 71 82 89 125 139 152 
23 75 82 113 146 147 
23 71 113 143 147 
23 128 
23 27 45 59 109 
23 24 37 53 82 83 87 113 147 
23 82 
23 29 45 47 81 109 110 127 
23 45 49 59 127 
23 98 105 145 
23 
23 
23 
23 
23 109 
23 
23 56 81 109 
23 41 
23 41 
23 
24 
24 
24 
24 
24 36 37 53 71 82 83 85 86 87 89 108 143 152 
24 65 
24 74 
24 
24 
24 
24 
24 138 
24 
24 
24 
24 
24 45 80 109 121 136 138 147 
24 
27 
27 
27 49 
27 
27 
27 
27 
27 
27 
27 
27 
27 
27 
27 29 46 100 104 109 111 134 
27 
27 144 153 
27 
27 77 80 97 110 
29 
29 80 
29 
29 42 65 68 75 96 110 135 142 151 
29 45 76 77 92 94 95 
29 40 57 
29 125 
29 47 
29 
29 69 74 124 144 
29 
29 
29 
29 
29 
29 113 
29 
29 45 
29 110 
29 147 
29 147 
29 
29 56 
29 
29 153 
29 
29 40 
29 
29 
29 
29 
30 58 92 109 111 
30 58 96 
30 50 58 83 109 113 
30 58 
30 66 81 109 127 
36 
36 
36 
36 37 53 71 82 83 85 86 89 108 143 152 
36 71 81 144 147 
36 
37 
37 56 144 
37 
37 76 77 80 
37 
37 
37 
37 
37 41 46 83 89 98 110 113 152 
37 
37 
37 
37 
37 96 144 
38 
38 
38 
38 
38 100 153 
38 
38 
38 42 
38 64 138 
38 57 
38 
38 
40 
40 
40 110 
40 47 136 
40 
40 97 
40 
40 45 
40 
40 47 
40 47 59 104 123 
40 45 100 110 121 123 
40 
40 
40 
40 
40 50 130 
40 59 110 130 
40 83 113 125 
40 
41 
41 
41 
41 
41 
41 
41 
41 
41 78 81 
41 66 
41 
41 
41 
41 
41 100 
41 50 68 83 113 
41 
42 75 
42 75 104 109 145 
42 75 
42 75 
42 75 129 
42 75 130 144 
42 47 105 109 
42 
42 46 75 105 144 
42 59 69 96 110 125 135 144 
42 
42 45 144 
42 44 
42 57 
42 45 50 75 
42 46 56 
42 75 
42 
42 75 
42 
42 45 75 96 109 110 144 153 
42 75 
42 45 
42 
42 45 49 80 136 144 
42 144 
42 
42 109 
42 49 75 
44 
44 
44 
44 68 80 125 126 130 135 136 144 
44 
44 
44 
44 49 59 
44 110 124 152 
44 46 47 66 97 110 
44 
44 
44 
44 109 
44 127 
44 47 
44 49 59 97 144 
44 110 128 
44 46 134 146 
44 
44 
44 
44 
45 
45 
45 92 100 111 144 
45 
45 47 59 
45 109 110 136 
45 
45 
45 110 135 136 144 153 
45 
45 
45 
45 
45 
45 
45 
45 
45 
45 
45 109 
45 
45 
45 56 82 97 123 
45 136 153 
45 
45 
45 
45 75 144 
45 
45 
45 
45 127 
45 
45 75 
45 
45 81 109 130 
45 46 113 125 144 
45 
45 
45 125 135 
45 48 110 136 153 
45 110 
45 
45 
45 
45 
45 
45 
45 
45 110 
45 
45 
45 59 
45 110 136 144 
45 
45 110 
45 57 
45 
45 110 144 
45 
45 
45 
45 
45 
45 
45 
45 
45 
45 
45 56 109 110 144 
45 46 68 
45 
45 
45 
45 
45 
45 
45 
45 104 
45 
45 56 
45 
45 76 80 
45 109 121 123 
45 
45 110 144 
45 
45 
45 
45 136 
45 
45 82 87 
45 97 
45 105 
45 
45 144 
45 
45 
45 
46 105 
46 47 75 105 
46 109 110 111 124 
46 105 109 145 
46 105 135 143 
46 
46 105 
46 59 
46 
46 69 111 123 124 
46 
46 
46 48 56 69 100 130 136 
46 
46 109 
46 
46 
46 
46 128 
46 80 81 104 153 
46 
47 
47 
47 
47 
47 
47 
47 
47 
47 
47 
47 
47 
47 48 140 
47 
47 
47 144 
47 56 97 105 110 123 145 
47 
47 144 
47 
47 
47 
47 
47 
47 
47 48 74 78 80 81 94 95 100 109 
47 111 
47 
47 110 
47 130 
47 
47 109 136 
47 
47 
47 110 144 
47 
47 
47 
47 
47 
47 
47 
47 
47 
47 
47 
47 136 144 
47 147 
48 100 
48 100 125 
48 80 109 145 
48 
48 
48 97 
48 56 69 100 124 
48 100 
48 
49 
49 57 59 106 
49 106 
49 105 
49 
49 97 136 
49 109 
49 56 
49 82 97 109 127 
49 
49 
49 
49 
49 
49 
49 
49 85 89 108 147 152 
49 59 68 
49 97 
49 
49 86 104 135 
50 74 
50 
50 64 74 80 81 109 111 
50 57 
50 
50 59 74 82 96 106 110 125 135 140 153 
50 
50 
50 145 
53 
53 
56 
56 110 136 
56 
56 
56 
56 144 147 
56 
56 124 
56 
56 
56 83 
56 110 
56 130 
56 
56 85 
56 
56 
56 105 
56 
56 123 145 
57 105 
57 
57 
57 
57 
57 110 121 
57 
57 
57 110 
57 144 
58 59 81 110 
58 
58 96 110 125 135 153 
58 109 
58 
58 
58 
58 
58 125 153 
58 
58 
58 
58 
58 
58 
59 64 97 134 
59 
59 
59 
59 106 124 
59 123 144 
59 92 111 144 
59 
59 81 109 153 
59 97 
59 97 
59 106 
59 75 144 
59 66 
59 82 
59 
59 
59 
59 
59 
59 
59 
59 
59 110 
59 
59 
59 
59 
59 
59 
59 
59 
59 
59 
59 
59 
59 
59 
59 
59 
59 
59 
59 
59 
64 134 
64 134 
64 134 
64 134 
64 109 110 144 
64 
64 
64 
64 
65 
65 
65 
65 
65 
65 
65 
65 
65 
65 
65 
65 
65 
65 
66 
66 128 
66 
66 
66 
66 
66 
66 
66 
66 
66 
66 
66 
66 
66 
66 
66 
66 
66 
66 
68 
68 
68 
68 74 147 
68 
68 
68 
68 
68 144 
68 
68 
68 
68 
68 140 145 
68 
68 
68 76 80 
68 
69 
69 
69 97 
69 
69 
69 
69 
69 
69 
69 
69 
69 
69 
69 
71 
71 
74 
74 110 
74 
74 
74 
74 
74 
74 
74 130 
74 
74 
74 
74 
74 
74 
74 
74 
74 
74 125 
74 
74 
74 
74 
74 128 
75 
75 
75 
75 
75 110 
75 
75 
75 
75 
75 
76 80 
76 77 81 92 94 95 109 
77 81 
77 80 
78 81 94 109 
78 81 109 
78 81 94 109 
80 
80 
80 
80 
80 109 
81 97 139 
81 109 
81 109 
81 110 
81 109 
81 109 
81 109 110 
81 
81 
81 
81 109 
81 
81 
82 105 
82 
82 
82 
82 
82 
82 
82 
82 
82 
82 
82 
82 
82 
82 144 
82 
83 113 
83 113 
83 
83 
83 
85 
85 
85 92 111 139 
86 
86 
86 
87 
87 
87 109 
87 
87 
89 
89 
92 111 
92 111 153 
93 123 
93 
93 
93 
93 
93 123 
93 97 109 123 
93 
93 
93 
94 109 
95 109 
95 109 
96 
96 
96 125 135 153 
96 135 
96 
96 
96 
96 125 135 
96 109 110 125 135 153 
96 135 
96 
97 
97 
97 
97 
97 
97 
97 
97 
97 
97 
97 
97 
97 
97 
97 
97 
97 
97 
97 
97 
97 
97 
97 
97 
97 
97 
97 
97 
97 
97 
97 
97 
97 
97 
97 
97 
97 
97 
97 
97 
97 
97 104 
97 
97 
97 
97 
97 
97 
97 
97 
97 
97 
97 
97 
97 
97 
97 
97 
97 
97 
97 
97 
97 
97 
97 
97 
97 
97 
97 
97 
97 
97 
97 
97 
97 
97 
97 
97 
97 
97 
97 
97 
97 
97 
97 
97 
97 
97 104 
97 
97 
97 
97 
97 
97 153 
97 
97 
97 
97 
97 
97 
97 
97 
97 
97 
97 
97 
97 
97 
97 
97 
97 
97 
97 
97 
97 
98 
98 
98 
98 
98 
98 
98 
98 
98 
98 
98 
98 
99 101 102 103 132 133 
100 
100 
100 
100 
100 
100 
100 
104 121 144 
104 
104 
104 
104 
104 
104 
104 
104 
104 
104 
104 
104 
104 127 
104 110 130 144 
104 110 
104 136 
104 
104 129 146 
104 
104 
104 
104 
104 
104 
104 
104 
104 
105 113 
105 
105 
105 
105 
105 
105 
105 
105 
105 
105 
105 
105 
105 
105 
105 
105 
105 
105 
105 
105 
105 
105 
105 
105 
105 
105 
105 
105 
105 
105 
105 
105 
105 
105 
105 
105 
105 
105 
105 
105 
105 
105 
105 
105 
105 
105 
105 
105 
105 
105 
105 
105 
105 
105 
105 
105 
105 
105 
105 
105 
105 
105 
106 
106 110 
108 
108 
108 
109 136 
109 
109 
109 
109 
109 
109 
109 
109 130 
109 
109 
109 
109 
109 
109 
109 
109 
109 
109 
109 
109 
109 
109 
109 
109 
109 
109 
109 136 
109 110 
109 121 
109 
109 
109 
109 
109 
109 
109 144 
109 
109 
109 
109 110 136 144 
109 
109 
109 110 144 
109 144 
109 
109 144 
109 
109 
109 
109 
109 
110 
110 
110 121 
110 
110 
110 
110 
110 
110 
110 
110 144 
110 
110 
110 
110 
110 
110 
110 
110 
110 
110 134 
110 
110 
110 
110 
110 
110 136 
110 134 145 
110 
110 
110 
110 
110 136 153 
110 
110 
110 
110 
110 
110 
110 
110 
110 
110 
110 
110 
110 
110 144 
110 
110 
110 
110 
110 144 
110 
110 
110 
110 
110 
110 
110 136 
110 
110 
110 
110 
110 
110 
110 
110 
110 
110 
110 145 
110 136 
110 
110 
110 144 
110 144 
110 
110 
110 
110 144 
110 
110 
110 
110 
110 
110 
110 
110 
110 
110 
110 136 
110 
110 
110 
110 
110 
110 
110 144 
110 
110 
110 
110 
110 
110 
110 
110 
110 
110 
110 
110 
111 
111 
111 
111 
111 136 
111 
111 
111 
111 
111 
111 
111 
111 
113 
113 
121 
121 
121 144 
121 
121 136 
121 
121 
121 
121 
121 
121 124 144 
121 
121 
121 
123 
123 
123 
123 
123 
123 
123 
123 
123 
124 
124 
124 
124 
124 
124 138 
124 
124 
124 
124 
124 
124 
125 
125 
125 
125 
125 
125 
125 
125 
125 144 147 
125 
125 
125 135 153 
125 
125 
125 
126 130 
126 
126 
126 
126 
126 
126 
126 
126 
126 
126 130 
126 130 
126 
126 
127 
127 
127 
127 
127 145 
127 
127 
127 134 
127 
127 
127 
127 
128 
128 
128 
128 
128 
128 
129 146 
130 
130 136 
130 
130 153 
130 
130 
130 
130 
130 
130 
130 135 136 144 153 
130 
130 
130 
130 
130 153 
130 
130 
134 
134 
135 
135 
135 
135 
135 
135 
135 
135 
135 
135 
135 136 
135 
135 
135 
135 
136 
136 
136 
136 
136 
136 144 
136 144 
136 
136 
136 
136 
136 
136 
136 
136 
136 
136 
136 
136 
136 
136 
136 
136 
136 
136 
136 
136 
136 
136 
136 
138 
138 
138 
138 
138 
138 
138 
138 
138 
138 
139 
140 
140 144 
140 
140 
140 
140 
140 
140 
140 145 
140 
140 
140 
142 
142 
142 
142 
142 
142 
142 
143 
143 
143 
144 
144 
144 
144 
144 
144 
144 
144 
144 
144 
144 
144 
144 
144 
144 
144 
144 
144 
144 
144 
144 
144 
144 
144 
144 
144 
144 
144 
144 
144 
144 
144 
144 
144 
144 
144 
144 
144 
144 
144 
144 
144 
144 
144 
144 
144 
144 
144 
144 
144 
144 
144 
144 
144 
144 
144 
144 
144 
144 
144 
144 
144 
144 
144 
144 
144 
144 
145 
145 
145 
145 
145 
145 
145 
145 
145 
145 
145 
145 
145 
145 
145 
145 
145 
145 
145 
145 
145 
146 
146 
147 
147 
147 
147 
147 
147 
147 
147 
151 
151 
151 
151 
151 
151 
151 
151 
151 
151 
152 
152 
152 
153 
153 
153 
153 
153 
153 
153 
153 
153 
153 
153 
153 
153 
153 
153 
